10 11
5.858921020929541 0.5720544124621006 0.793196436465654 0.12051687132040556 0.27309581148651985 0.2262649250141241 0.04616147352575706 0.18785965444732433 0.6038898504983174 0.8149533287297539 0.2569368036257711 
0.3311112588899072 6.497536898913184 0.5103593792128134 0.03558167871243956 0.38237096495122336 0.7244296552637965 0.48345225271643155 0.721125012079354 0.9773837822997932 0.2785930558742016 0.4055116597144397 
0.28302147953293955 0.6236732144878123 4.857486305567056 0.059626773229792596 0.1531200599827186 0.5842955848677491 0.2963976010387155 0.47962372810823783 0.6549237229711261 0.5420899674937196 0.9720885929195301 
0.7614716857853485 0.5885199622137648 0.12746213277796747 5.348685256871194 0.4510068972236251 0.702414425276237 0.04215470131441923 0.9492809264095543 0.2018525828961104 0.23760036418527208 0.6921203606944644 
0.4759675248143107 0.21870203303919422 0.46454912787909397 0.9545281849413407 5.845255651431624 0.8536711767390536 0.15040790336963905 0.9470980826342605 0.20754775160803873 0.6072161370440535 0.19154244467760173 
0.44237159670183623 0.36774493657269547 0.7001499232269761 0.22566478582426508 0.8751921433058667 5.613613824443481 0.3295819006722792 0.8981364875324099 0.7285812246707373 0.17073997551389897 0.6991426974313495 
0.5986404377844529 0.4513614908205785 0.15312789526716875 0.9226459926915026 0.9072649930271618 0.9602915211695222 4.545065133430326 0.9403777077829281 0.6931467964705791 0.2101414895198288 0.21931523941288866 
0.6584928723320714 0.7941688596859503 0.27705225826427904 0.5974096500365248 0.6245383931673335 0.47281342055137665 0.8936856463755245 4.419878623738864 0.6859098964883913 0.39111970263556683 0.3990863097593249 
0.09619923709502998 0.24308945146727812 0.6767985299246594 0.6218410026513889 0.18748727877247107 0.9058002828108864 0.7629076191929043 0.30203423128076035 2.9143243985078247 0.5877533487878734 0.07509240112649396 
0.27566353564558865 0.6082806833157186 0.33445004719747373 0.31324925827503614 0.7945920372869498 0.010727967610506539 0.4685441524428804 0.028569324887695702 0.03577962103699406 3.309404840483033 0.9585552167326686 
